<?xml version="1.0"?>
<opencv_storage>
<calibration_Time>"Thu Apr 28 10:13:28 2016"</calibration_Time>
<nrOfFrames>25</nrOfFrames>
<image_Width>640</image_Width>
<image_Height>480</image_Height>
<board_Width>9</board_Width>
<board_Height>6</board_Height>
<square_Size>23.</square_Size>
<FixAspectRatio>1.</FixAspectRatio>
<!-- flags:  +fix_aspectRatio +fix_principal_point +zero_tangent_dist -->
<flagValue>14</flagValue>
<Camera_Matrix type_id="opencv-matrix">
  <rows>3</rows>
  <cols>3</cols>
  <dt>d</dt>
  <data>
    6.3229863082751251e+02 0. 3.1950000000000000e+02 0.
    6.3229863082751251e+02 2.3950000000000000e+02 0. 0. 1.</data></Camera_Matrix>
<Distortion_Coefficients type_id="opencv-matrix">
  <rows>5</rows>
  <cols>1</cols>
  <dt>d</dt>
  <data>
    7.0528331223347215e-02 2.6247385180956367e-01 0. 0.
    -1.0640942232949715e+00</data></Distortion_Coefficients>
<Avg_Reprojection_Error>2.7648153575248818e-01</Avg_Reprojection_Error>
<Per_View_Reprojection_Errors type_id="opencv-matrix">
  <rows>25</rows>
  <cols>1</cols>
  <dt>f</dt>
  <data>
    1.52684286e-01 2.34427243e-01 1.65674075e-01 2.45485559e-01
    1.43961802e-01 4.04944301e-01 2.13573530e-01 2.32243344e-01
    2.21076861e-01 1.28140345e-01 1.50226936e-01 1.60498694e-01
    1.50744557e-01 1.64735690e-01 1.91537589e-01 1.41049385e-01
    1.36868328e-01 1.85429335e-01 2.09181473e-01 2.23663792e-01
    2.44934484e-01 9.35943961e-01 2.52472281e-01 2.57954031e-01
    1.66083425e-01</data></Per_View_Reprojection_Errors>
<!-- a set of 6-tuples (rotation vector + translation vector) for each view -->
<Extrinsic_Parameters type_id="opencv-matrix">
  <rows>25</rows>
  <cols>6</cols>
  <dt>d</dt>
  <data>
    -2.3158407436438804e-02 2.6408077033397679e-02
    -4.6678626226809482e-02 -6.7913128186196047e+01
    -3.7477864513248910e+01 4.5036959972552296e+02
    -2.1398822561198780e-01 3.9522036693311814e-02
    -3.7766899673973592e-02 -6.2037775498371680e+01
    -5.7587761783140747e+00 4.7681403025520274e+02
    -4.4391999865427978e-01 7.9962261930830711e-02
    -3.6167086431469431e-02 -6.0993402333648014e+01
    1.0191770211292518e+01 5.2680431571829899e+02
    -6.5543797256068914e-01 1.2992738140409509e-02
    4.5132078195255700e-02 -8.9510292126648565e+01
    -7.3938068035980020e+00 5.4455720357649489e+02
    -6.9772043803074146e-01 6.6368843399414318e-03
    8.4621805182507656e-02 -9.0507028062276746e+01
    -9.3118243024387617e+00 5.5928546079340879e+02
    -8.0597544487700656e-01 1.3485803263223831e-01
    -5.4802366639608002e-01 -1.7138081564300741e+01
    9.6088660626314777e+01 5.2713287137647205e+02
    -6.8976705282952200e-01 -3.4613854775076119e-01
    -7.2948575369885238e-01 -1.0857183065971341e+02
    2.2974902628712499e+01 4.5295505523847186e+02
    -6.7893678086793474e-01 -4.8087519100305726e-01
    -7.3170068770848840e-01 -1.7978695844611346e+02
    3.5884283356447739e+01 4.2367364864970386e+02
    -6.4005708121517901e-01 -4.8786543633885149e-01
    -7.4105300603532132e-01 -1.9243413911154877e+02
    1.5420349640706519e+01 4.1604961475736508e+02
    -4.4086517666562414e-01 4.5280528323562647e-01
    1.8189842193910251e+00 5.3670928788043881e+01
    -6.8703378422311459e+01 7.1356929507808979e+02
    -4.1622268805929624e-01 5.2830341442327744e-01
    1.8350544758775240e+00 8.7721005660728480e+01
    -2.8073690745089365e+01 6.8885076016547532e+02
    -1.9403831468653426e-01 9.2280208634549676e-01
    2.8113982707611269e+00 1.2527142441316944e+02 2.0347281441942670e+01
    6.0452336898032502e+02 -6.7054927376429499e-02
    9.3661299607150295e-01 2.8367991331850346e+00 1.7142167917640037e+02
    -1.8865254655159582e+01 5.7645623654651149e+02
    3.9104081383181206e-03 9.0798097487989149e-01 2.8776438494394752e+00
    2.0031243310395453e+02 -3.0696758851062516e+01
    5.6330636686306048e+02 -1.3589505893399204e-01
    8.5148936153036647e-01 2.9154977176978059e+00 1.3519609144378833e+02
    -3.7178734208903109e+01 5.7830877250488311e+02
    -6.0187749514774502e-01 9.3341425236359732e-01
    2.7850828785283204e+00 -4.7771013016737818e+01
    2.7690141225862785e+01 5.8942761616389339e+02
    -6.1187073220570898e-01 9.2942907611637049e-01
    2.7561267705748138e+00 -4.9202429190553211e+01
    2.6679310098064871e+01 5.8721514944591536e+02
    -4.8860096692041627e-01 1.1249218174621913e+00
    2.6753353892768850e+00 -6.7331648572169094e+00
    1.1958604626076935e+02 5.7036049577330880e+02
    -2.1761017494005838e-01 1.0380305919282744e+00
    2.8202879269873784e+00 1.0488041069268969e+02 1.1327489021428543e+02
    5.5711978038754330e+02 -1.0915737471284885e+00
    2.5232772747048582e-01 2.4722620692480773e-01 6.8457974705774713e+00
    7.4139953129118524e+01 6.2731906923723818e+02
    -1.0528386792606248e+00 2.7741000123563003e-01
    3.0880405154968699e-01 5.1022990873211960e+01 5.0770210504415438e+01
    6.3060713568548488e+02 -1.0198293332423429e+00
    -5.9238112034649715e-01 -4.4738791903450326e-01
    -1.9480480615237460e+02 3.8380505009108703e+01
    4.9393036619360697e+02 -9.8665918221692450e-01
    -6.5358716098448189e-01 -4.5202587808796313e-01
    -2.2621659001774148e+02 1.5159635836189690e+01
    4.7303526492449112e+02 4.3152907095268028e-01
    -5.1069172555737097e-01 1.6644337270181140e+00
    2.8639361940615334e+01 4.8916005722378504e+00 5.0523026508349000e+02
    4.8008040491455761e-01 -5.2573381534614139e-01
    1.6438878488423097e+00 2.9949860137799973e+01 3.6547057011591875e+00
    5.1417602174634214e+02</data></Extrinsic_Parameters>
